1697549643863 0.5488599538803101 0
1697549644124 0.5846905708312988 1
1697549644397 0.6579804420471191 2
1697549644687 0.6579804420471191 3
1697549644953 0.6579804420471191 4
1697549645207 0.6579804420471191 5
1697549645461 0.6579804420471191 6
1697549645719 0.6579804420471191 7
1697549645994 0.6579804420471191 8
1697549646247 0.6579804420471191 9
1697549646541 0.6579804420471191 10
1697549646805 0.6579804420471191 11
1697549647061 0.6579804420471191 12
1697549647324 0.6579804420471191 13
1697549647582 0.6579804420471191 14
1697549647895 0.6579804420471191 15
1697549648151 0.6579804420471191 16
1697549648405 0.6579804420471191 17
1697549648670 0.6579804420471191 18
1697549648931 0.6579804420471191 19
1697549649189 0.6579804420471191 20
1697549649455 0.6579804420471191 21
1697549649739 0.6563518047332764 22
1697549650023 0.6579804420471191 23
1697549650285 0.6579804420471191 24
1697549650553 0.6579804420471191 25
1697549650817 0.6579804420471191 26
1697549651078 0.6579804420471191 27
1697549651339 0.6579804420471191 28
1697549651621 0.6579804420471191 29
1697549651922 0.6579804420471191 30
1697549652208 0.6579804420471191 31
1697549652501 0.6579804420471191 32
1697549652775 0.6579804420471191 33
1697549653056 0.6579804420471191 34
1697549653323 0.6579804420471191 35
1697549653577 0.6579804420471191 36
1697549653842 0.6579804420471191 37
1697549654140 0.6579804420471191 38
1697549654428 0.6579804420471191 39
1697549654689 0.6579804420471191 40
1697549654969 0.6579804420471191 41
1697549655236 0.6579804420471191 42
1697549655495 0.6579804420471191 43
1697549655774 0.6579804420471191 44
1697549656042 0.6579804420471191 45
1697549656339 0.6579804420471191 46
1697549656654 0.6579804420471191 47
1697549656917 0.6579804420471191 48
1697549657185 0.6579804420471191 49
1697549657446 0.6579804420471191 50
1697549657719 0.6579804420471191 51
1697549657986 0.6579804420471191 52
1697549658246 0.6579804420471191 53
1697549658518 0.6579804420471191 54
1697549658818 0.6579804420471191 55
1697549659085 0.6579804420471191 56
1697549659353 0.6579804420471191 57
1697549659618 0.6579804420471191 58
1697549659882 0.6579804420471191 59
1697549660144 0.6579804420471191 60
1697549660403 0.6579804420471191 61
1697549660682 0.6579804420471191 62
1697549660977 0.6579804420471191 63
1697549661282 0.6579804420471191 64
1697549661551 0.6579804420471191 65
1697549661821 0.6579804420471191 66
1697549662089 0.6579804420471191 67
1697549662349 0.6579804420471191 68
1697549662619 0.6579804420471191 69
1697549662895 0.6579804420471191 70
1697549663196 0.6579804420471191 71
1697549663498 0.6579804420471191 72
1697549663782 0.6579804420471191 73
1697549664049 0.6579804420471191 74
1697549664318 0.6579804420471191 75
1697549664588 0.6579804420471191 76
1697549664862 0.6579804420471191 77
1697549665130 0.6579804420471191 78
1697549665398 0.6579804420471191 79
1697549665692 0.6579804420471191 80
1697549665955 0.6579804420471191 81
1697549666217 0.6579804420471191 82
1697549666498 0.6579804420471191 83
1697549666776 0.6579804420471191 84
1697549667044 0.6579804420471191 85
1697549667308 0.6579804420471191 86
1697549667586 0.6579804420471191 87
1697549667895 0.6579804420471191 88
1697549668192 0.6579804420471191 89
1697549668483 0.6579804420471191 90
1697549668750 0.6579804420471191 91
1697549669014 0.6579804420471191 92
1697549669279 0.6579804420471191 93
1697549669534 0.6579804420471191 94
1697549669794 0.6579804420471191 95
1697549670056 0.6579804420471191 96
1697549670338 0.6579804420471191 97
1697549670652 0.6579804420471191 98
1697549670927 0.6579804420471191 99
