1697549643863 0.6734523773193359 0
1697549644124 0.6544128060340881 1
1697549644397 0.6476805806159973 2
1697549644687 0.6443579196929932 3
1697549644953 0.6434494256973267 4
1697549645207 0.6415170431137085 5
1697549645461 0.6403761506080627 6
1697549645719 0.6389356851577759 7
1697549645994 0.6378495097160339 8
1697549646247 0.6368234157562256 9
1697549646541 0.6365600228309631 10
1697549646805 0.6355559229850769 11
1697549647061 0.6351380348205566 12
1697549647324 0.6340211033821106 13
1697549647582 0.6310492157936096 14
1697549647895 0.6318286061286926 15
1697549648151 0.6309574842453003 16
1697549648405 0.6301089525222778 17
1697549648670 0.6282665729522705 18
1697549648931 0.6269460916519165 19
1697549649189 0.6266621351242065 20
1697549649455 0.6251835227012634 21
1697549649739 0.6248812079429626 22
1697549650023 0.6252135038375854 23
1697549650285 0.6232938766479492 24
1697549650553 0.623338520526886 25
1697549650817 0.6219095587730408 26
1697549651078 0.6220045685768127 27
1697549651339 0.6207680702209473 28
1697549651621 0.619253933429718 29
1697549651922 0.6190715432167053 30
1697549652208 0.6186450123786926 31
1697549652501 0.6176212430000305 32
1697549652775 0.6182180643081665 33
1697549653056 0.6175833940505981 34
1697549653323 0.6194196343421936 35
1697549653577 0.6171837449073792 36
1697549653842 0.6167810559272766 37
1697549654140 0.6156949996948242 38
1697549654428 0.6167786121368408 39
1697549654689 0.6209524273872375 40
1697549654969 0.6138259768486023 41
1697549655236 0.6138920783996582 42
1697549655495 0.6146894693374634 43
1697549655774 0.6134710311889648 44
1697549656042 0.6119917035102844 45
1697549656339 0.612618088722229 46
1697549656654 0.6109579801559448 47
1697549656917 0.6118349432945251 48
1697549657185 0.6089473366737366 49
1697549657446 0.608461856842041 50
1697549657719 0.6090272068977356 51
1697549657986 0.6094508171081543 52
1697549658246 0.6089792251586914 53
1697549658518 0.6076409816741943 54
1697549658818 0.6074999570846558 55
1697549659085 0.6056902408599854 56
1697549659353 0.6050986051559448 57
1697549659618 0.6041208505630493 58
1697549659882 0.6054540276527405 59
1697549660144 0.6047046780586243 60
1697549660403 0.6030437350273132 61
1697549660682 0.6016320586204529 62
1697549660977 0.6002658605575562 63
1697549661282 0.6004897952079773 64
1697549661551 0.6009262800216675 65
1697549661821 0.599231481552124 66
1697549662089 0.6001834869384766 67
1697549662349 0.6007838249206543 68
1697549662619 0.5995643734931946 69
1697549662895 0.599042534828186 70
1697549663196 0.5994714498519897 71
1697549663498 0.5969699621200562 72
1697549663782 0.5979071259498596 73
1697549664049 0.5986703038215637 74
1697549664318 0.5985628962516785 75
1697549664588 0.5977329015731812 76
1697549664862 0.6010016202926636 77
1697549665130 0.5976524949073792 78
1697549665398 0.5971136093139648 79
1697549665692 0.5981509685516357 80
1697549665955 0.5979422330856323 81
1697549666217 0.5975367426872253 82
1697549666498 0.5975537300109863 83
1697549666776 0.5973197817802429 84
1697549667044 0.5985625982284546 85
1697549667308 0.596307098865509 86
1697549667586 0.5957971215248108 87
1697549667895 0.5976762771606445 88
1697549668192 0.5967442393302917 89
1697549668483 0.5961054563522339 90
1697549668750 0.5963902473449707 91
1697549669014 0.5965179800987244 92
1697549669279 0.5973213315010071 93
1697549669534 0.5980136394500732 94
1697549669794 0.5958172678947449 95
1697549670056 0.5977165699005127 96
1697549670338 0.5995182394981384 97
1697549670652 0.6022545099258423 98
1697549670927 0.5961939096450806 99
